start=1505.671000
volume=102.000000
ontop=yes
